[MAP INFO]
Diff: 8
Hp: 7
Artist: Cres.
BPM: 130
Creator: Huytimeclock

[MAP DATA]
[0.643][t]
[1.335][y]
[2.489]
[3.181]
[3.873]
[4.335]
[5.027]
[6.181]
[6.873]
[8.027]
[8.719]
[9.873]
[10.335]
[10.796]
[11.719]
[12.643]
[13.566]
[14.027]
[14.489]
[14.950]
[15.412]
[16.335]
[17.258]
[17.719]
[18.181]
[18.412]
[18.643]
[19.104]
[20.027]
[20.950]
[21.412]
[21.873]
[22.104]
[22.335]
[22.796]
[23.258]
[23.719]
[24.181]
[24.643]
[24.873]
[25.104]
[25.335]
[25.566]
[25.796]
[26.027]
[26.258]
[26.489]
[27.412]
[28.335]
[28.796]
[29.258]
[29.719]
[30.181]
[31.104]
[32.027]
[32.950]
[33.873]
[34.796]
[35.719]
[36.181]
[36.412]
[36.643]
[37.104]
[37.335]
[38.489]
[39.412]
[40.335]
[41.258]
[41.719]
[41.950]
[42.412]
[42.643]
[43.104]
[44.950]
[45.412]
[45.873]
[46.335]
[46.796]
[47.719]
[48.643]
[49.104]
[49.566]
[50.027]
[50.489]
[50.719]
[50.950]
[51.181]
[51.412]
[51.643]
[51.873]
[52.104]
[52.335]
[53.258]
[54.181]
[54.412]
[54.643]
[54.873]
[55.104]
[55.335]
[55.566]
[55.796]
[56.027]
[56.489]
[56.950]
[57.412]
[57.873]
[58.335]
[58.796]
[59.258]
[59.719]
[60.181]
[60.643]
[61.104]
[63.412]
[63.873]
[64.335]
[64.796]
[67.104]
[67.566]
[68.027]
[68.489]
[70.796]
[71.719]
[72.643]
[73.566]
[74.489]
[75.412]
[76.335]
[76.450]
[76.566]
[76.681]
[76.796]
[76.912]
[77.027]
[77.143]
[77.258]
[77.373]
[77.489]
[77.604]
[77.719]
[77.835]
[77.950]
[78.066]
[78.181]
[79.104]
[80.027]
[80.143]
[80.258]
[80.373]
[80.489]
[80.950]
[81.066]
[81.181]
[81.296]
[81.412]
[81.873]
[82.796]
[83.258]
[83.373]
[83.489]
[83.604]
[83.719]
[84.181]
[84.643]
[85.104]
[85.566]
[86.489]
[87.412]

